Day   Time (s)    Percentage     Lang        Line Count  
------------------------------------------------------------
1     30.22       23.82          .rb         59          
2     0.08        0.06           .py         74          
3     1.84        1.45           .py         87          
4     0.11        0.09           .py         77          
5     0.80        0.63           .py         54          
6     11.95       9.41           .py         109         
7     1.83        1.44           .py         93          
8     0.49        0.38           .py         101         
9     0.87        0.69           .py         57          
10    2.12        1.67           .py         44          
11    1.18        0.93           .py         128         
12    0.21        0.17           .rb         77          
13    36.77       28.98          .py         73          
14    1.64        1.29           .py         130         
15    14.19       11.18          .py         133         
16    0.08        0.06           .c          68          
17    0.66        0.52           .c          92          
18    9.73        7.67           .py         155         
19    3.30        2.60           .py         172         
20    1.09        0.86           .py         119         
21    0.87        0.69           .py         113         
22    3.28        2.58           .py         151         
23    0.92        0.73           .py         60          
24    1.31        1.03           .py         130         
25    1.36        1.07           .py         75          
------------------------------------------------------------
Total Time: 126.89 seconds
Average Time: 5.08 seconds
Median Time: 1.31 seconds
