Day      Avg(ms)    STD(ms)    Time%    Avg(MB)    STD(MB)    Mem%     Lang       Size(kB)   Lines 
-----------------------------------------------------------------------------------------------
1        306.27     1.10       0.44     20.31      0.93       0.92     .rb        1.55       52    
2        810.18     1.41       1.17     89.65      0.07       4.07     .py        2.63       75    
3        876.77     47.48      1.27     91.69      0.07       4.16     .py        4.21       111   
4        3823.07    1.45       5.52     89.86      0.08       4.08     .py        2.50       70    
5        877.30     47.75      1.27     89.76      0.12       4.07     .py        7.54       215   
6        6496.97    311.04     9.38     20.17      0.02       0.92     .rb        1.71       65    
7        843.34     47.40      1.22     89.93      0.20       4.08     .py        4.68       146   
8        876.50     48.10      1.27     89.83      0.11       4.08     .py        2.62       73    
9        238.51     47.92      0.34     19.67      0.62       0.89     .rb        4.32       135   
10       1371.32    439.86     1.98     101.99     0.10       4.63     .py        6.35       166   
11       943.76     125.47     1.36     89.73      0.05       4.07     .py        3.48       96    
12       1345.53    125.04     1.94     155.20     2.23       7.04     .py        3.78       102   
13       1045.96    125.27     1.51     89.71      0.12       4.07     .py        2.29       66    
14       17576.64   456.71     25.37    92.09      0.16       4.18     .py        8.04       224   
15       809.52     1.58       1.17     89.92      0.03       4.08     .py        2.96       87    
16       7102.83    123.79     10.25    94.87      0.04       4.30     .py        7.31       185   
17       4425.15    216.49     6.39     182.59     3.42       8.28     .py        3.07       91    
18       542.32     48.37      0.78     65.19      0.07       2.96     .py        3.23       99    
19       776.20     48.09      1.12     89.64      0.07       4.07     .py        4.60       121   
20       843.79     48.17      1.22     89.59      0.09       4.07     .py        4.41       109   
21       876.25     95.51      1.26     99.64      0.11       4.52     .py        6.32       180   
22       1077.32    96.83      1.56     91.29      0.16       4.14     .py        3.13       93    
23       13262.67   214.37     19.15    93.25      0.17       4.23     .py        8.03       213   
24       877.71     47.15      1.27     68.09      48.15      3.09     .py        4.19       110   
25       1245.11    94.87      1.80     110.20     0.59       5.00     .py        1.55       53    
-----------------------------------------------------------------------------------------------
Total    69270.98   2861.23    100.00   2203.86    57.77      100.00              104.49     2937  

Challenge: Advent of Codes: Year 2023(Snow Crisis)!, Iterations: 3