Day   Time (s)    Percentage     Lang        Line Count  
------------------------------------------------------------
1     0.49        0.41           .py         69          
2     0.50        0.42           .py         67          
3     0.45        0.38           .py         110         
4     0.48        0.41           .py         53          
5     14.64       12.38          .py         58          
6     1.04        0.88           .c          122         
7     0.15        0.12           .py         75          
8     0.88        0.74           .py         140         
9     0.04        0.04           .py         52          
10    0.06        0.05           .py         91          
11    0.04        0.04           .py         69          
12    12.53       10.59          .py         67          
13    1.10        0.93           .py         61          
14    0.98        0.83           .py         129         
15    1.82        1.54           .c          47          
16    2.66        2.25           .c          63          
17    49.83       42.13          .rb         116         
18    1.19        1.01           .py         56          
19    0.54        0.46           .py         110         
20    6.13        5.18           .py         93          
21    1.37        1.16           .py         64          
22    3.95        3.34           .py         137         
23    1.19        1.01           .py         100         
24    14.41       12.18          .py         123         
25    1.82        1.54           .py         147         
------------------------------------------------------------
Total Time: 118.28 seconds
Average Time: 4.73 seconds
Median Time: 1.10 seconds
