Day   Time (s)    Percentage     Lang        Line Count  
------------------------------------------------------------
1     0.04        0.01           .py         38          
2     0.15        0.04           .py         58          
3     0.15        0.04           .py         93          
4     3.14        0.93           .py         40          
5     0.16        0.05           .py         68          
6     21.41       6.36           .py         110         
7     0.15        0.05           .py         83          
8     0.14        0.04           .py         47          
9     0.56        0.17           .py         92          
10    22.09       6.56           .py         52          
11    1.45        0.43           .py         63          
12    0.15        0.05           .py         47          
13    0.08        0.02           .py         106         
14    0.93        0.28           .py         108         
15    6.87        2.04           .py         87          
16    0.49        0.15           .py         103         
17    0.24        0.07           .rb         47          
18    0.41        0.12           .py         133         
19    0.15        0.04           .rb         74          
20    0.99        0.29           .c          65          
21    0.07        0.02           .py         156         
22    3.95        1.17           .rb         143         
23    0.04        0.01           .c          266         
24    266.59      79.13          .py         91          
25    6.50        1.93           .rb         37          
------------------------------------------------------------
Total Time: 336.91 seconds
Average Time: 13.48 seconds
Median Time: 0.41 seconds
