Day      Avg(ms)    STD(ms)    Time%    Avg(MB)    STD(MB)    Mem%     Lang       Size(kB)   Lines 
-----------------------------------------------------------------------------------------------
1        844.11     50.35      2.19     89.68      0.23       4.85     .py        1.18       44    
2        809.66     1.70       2.10     89.74      0.12       4.86     .py        1.69       57    
3        841.99     46.81      2.19     90.13      0.13       4.88     .py        2.97       90    
4        1210.98    1.25       3.15     89.94      0.10       4.87     .py        2.09       61    
5        206.79     1.00       0.54     23.73      1.23       1.28     .py        2.26       69    
6        1714.59    715.01     4.46     100.90     0.28       5.46     .py        1.79       62    
7        1009.28    0.91       2.62     89.62      0.03       4.85     .py        1.35       48    
8        876.56     45.80      2.28     89.67      0.03       4.85     .py        3.02       86    
9        944.16     45.36      2.45     89.86      0.12       4.86     .py        3.89       117   
10       106.54     1.43       0.28     1.84       0.02       0.10     .py        4.54       133   
11       943.15     46.65      2.45     89.69      0.10       4.86     .py        3.09       87    
12       1311.14    144.11     3.41     87.30      0.91       4.73     .py        2.68       81    
13       843.28     47.31      2.19     89.85      0.11       4.86     .py        2.16       66    
14       809.16     1.80       2.10     89.81      0.05       4.86     .py        2.88       81    
15       1755.50    216.85     4.56     123.95     2.12       6.71     .py        2.64       77    
16       106.33     1.79       0.28     1.85       0.00       0.10     .py        2.36       73    
17       2583.53    47.51      6.71     89.96      0.11       4.87     .py        2.12       72    
18       5360.41    261.09     13.93    89.77      0.14       4.86     .py        4.12       119   
19       8103.57    47.52      21.06    89.94      0.03       4.87     .py        3.97       111   
20       3621.76    82.15      9.41     65.58      0.06       3.55     .py        2.32       63    
21       642.81     49.31      1.67     70.17      0.51       3.80     .py        5.30       146   
23       2682.65    48.74      6.97     107.32     1.05       5.81     .py        6.28       163   
24       140.39     48.74      0.36     7.11       7.43       0.38     .py        5.75       144   
25       1010.03    1.39       2.62     89.78      0.11       4.86     .py        3.47       86    
-----------------------------------------------------------------------------------------------
Total    38478.39   1954.57    100.00   1847.20    15.02      100.00              73.90      2136  

Challenge: Advent of Codes: Year 2021(Explore the Ocean)!, Iterations: 3