Day      Avg(ms)    STD(ms)    Time%    Avg(MB)    STD(MB)    Mem%     Lang       Size(kB)   Lines 
-----------------------------------------------------------------------------------------------
1        543.55     50.59      0.45     64.60      0.12       1.96     .py        1.73       69    
2        541.89     49.88      0.45     64.99      0.05       1.97     .py        2.17       67    
3        542.43     49.59      0.45     64.07      0.07       1.94     .py        3.71       110   
4        541.77     49.50      0.45     64.82      0.04       1.96     .py        1.52       53    
5        15701.94   562.93     12.99    27.72      0.06       0.84     .py        1.50       58    
6        620.62     112.49     0.51     5.27       0.17       0.16     .c         3.63       122   
7        207.60     1.88       0.17     25.29      2.08       0.77     .py        2.72       75    
8        976.96     96.52      0.81     66.35      0.14       2.01     .py        5.15       140   
9        106.91     2.05       0.09     1.89       0.01       0.06     .py        1.73       52    
10       140.47     49.93      0.12     6.85       7.00       0.21     .py        2.93       91    
11       107.10     1.74       0.09     1.90       0.00       0.06     .py        2.10       69    
12       11921.77   3196.67    9.86     172.55     1.38       5.23     .py        2.35       67    
13       1278.43    97.78      1.06     16.78      0.06       0.51     .py        1.88       61    
14       1145.39    49.67      0.95     29.74      0.43       0.90     .py        4.41       129   
15       910.57     2.20       0.75     17.85      0.07       0.54     .py        0.89       27    
16       3286.27    1166.30    2.72     24.58      0.07       0.74     .rb        2.84       116   
17       51848.79   1276.06    42.89    1947.13    0.15       59.00    .py        1.95       56    
18       1111.19    1.79       0.92     18.58      0.10       0.56     .py        0.61       20    
19       507.72     1.56       0.42     66.69      0.20       2.02     .py        2.74       64    
20       6464.35    95.02      5.35     66.65      0.07       2.02     .py        5.40       137   
21       1311.14    1.61       1.08     71.30      0.12       2.16     .py        4.18       100   
22       3987.98    126.20     3.30     28.26      0.05       0.86     .py        4.78       123   
23       1143.62    48.49      0.95     43.57      30.81      1.32     .py        5.19       147   
24       14091.86   237.89     11.66    382.10     0.90       11.58    .rb        1.63       47    
25       1844.40    47.05      1.53     20.60      0.05       0.62     .rb        1.60       53    
-----------------------------------------------------------------------------------------------
Total    120884.72  7375.38    100.00   3300.12    44.20      100.00              69.34      2053  

Challenge: Advent of Codes: Year 2017(Elvish Computers)!, Iterations: 3