Day      Avg(ms)    STD(ms)    Time%    Avg(MB)    STD(MB)    Mem%     Lang       Size(kB)   Lines 
-----------------------------------------------------------------------------------------------
1        30521.85   575.35     22.40    21.84      0.22       1.29     .rb        1.25       59    
2        107.13     1.71       0.08     1.90       0.00       0.11     .py        2.16       74    
3        1780.30    47.90      1.31     164.73     0.11       9.76     .py        3.18       87    
4        207.25     1.39       0.15     19.31      0.02       1.14     .py        3.11       77    
5        709.61     1.66       0.52     66.71      0.17       3.95     .py        1.86       54    
6        12419.41   386.26     9.11     186.56     0.09       11.05    .py        3.82       109   
7        2013.97    141.64     1.48     18.58      0.12       1.10     .py        0.61       21    
8        574.88     46.36      0.42     65.07      0.11       3.86     .py        1.88       57    
9        977.71     47.60      0.72     258.88     7.69       15.34    .py        1.33       44    
10       2080.53    46.38      1.53     132.48     0.70       7.85     .py        4.37       128   
11       1275.75    47.25      0.94     21.38      0.11       1.27     .rb        2.40       77    
12       274.65     46.55      0.20     26.34      1.70       1.56     .py        2.70       73    
13       40129.01   4162.57    29.45    18.64      0.02       1.10     .py        0.62       20    
14       981.23     383.80     0.72     17.88      0.07       1.06     .py        0.90       27    
15       16337.22   2156.25    11.99    19.45      0.21       1.15     .py        4.95       155   
16       142.38     49.70      0.10     7.13       7.39       0.42     .py        5.95       172   
17       1279.68    948.10     0.94     75.34      0.16       4.46     .py        4.04       119   
18       11051.55   1493.79    8.11     64.65      0.10       3.83     .py        4.13       113   
19       3588.32    173.23     2.63     89.66      0.11       5.31     .py        5.34       151   
20       1279.33    380.16     0.94     104.29     1.19       6.18     .py        1.76       60    
21       910.40     143.82     0.67     89.61      0.12       5.31     .py        4.80       130   
22       3789.41    451.76     2.78     18.67      0.05       1.11     .py        0.61       21    
23       1011.72    142.32     0.74     18.86      0.41       1.12     .py        0.64       22    
24       1380.03    171.72     1.01     89.93      0.14       5.33     .py        8.63       209   
25       1446.33    191.17     1.06     89.82      0.06       5.32     .py        2.41       71    
-----------------------------------------------------------------------------------------------
Total    136269.66  12238.43   100.00   1687.71    21.09      100.00              73.45      2130  

Challenge: Advent of Codes: Year 2018(Time Travel)!, Iterations: 3