Day      Avg(ms)    STD(ms)    Time%    Avg(MB)    STD(MB)    Mem%     Lang       Size(kB)   Lines 
-----------------------------------------------------------------------------------------------
1        205.44     1.26       0.26     19.17      0.03       0.84     .rb        0.98       35    
2        533.67     2.08       0.67     9.56       0.00       0.42     .jl        3.01       94    
3        205.14     0.41       0.26     19.22      0.01       0.84     .rb        2.44       71    
4        204.32     0.81       0.26     19.25      0.04       0.84     .rb        1.44       58    
5        910.12     83.73      1.15     89.71      0.11       3.94     .py        2.81       80    
6        107.97     3.29       0.14     1.88       0.01       0.08     .py        1.00       30    
7        205.09     1.49       0.26     19.24      0.03       0.84     .rb        1.31       51    
8        506.14     0.65       0.64     21.86      0.02       0.96     .rb        2.93       102   
9        204.86     0.54       0.26     19.23      0.04       0.84     .rb        3.96       139   
10       204.83     0.57       0.26     19.19      0.07       0.84     .rb        2.05       78    
11       3385.04    95.64      4.27     20.73      0.04       0.91     .rb        4.52       143   
12       2145.07    48.01      2.70     74.99      5.30       3.29     .rb        5.03       174   
13       910.93     82.92      1.15     90.33      0.05       3.96     .py        3.57       97    
14       2181.81    48.30      2.75     98.36      0.05       4.32     .py        5.46       150   
15       28888.15   266.31     36.41    89.49      0.16       3.93     .py        4.47       136   
16       4991.23    125.21     6.29     125.75     38.02      5.52     .rb        2.17       76    
17       910.34     1.37       1.15     23.20      0.07       1.02     .py        9.28       226   
18       943.46     49.61      1.19     92.41      0.17       4.05     .py        2.59       94    
19       7871.58    210.13     9.92     21.61      0.03       0.95     .rb        3.73       108   
20       3554.48    48.98      4.48     90.95      0.16       3.99     .py        2.42       70    
21       1473.42    163.04     1.86     121.87     0.17       5.35     .py        2.98       86    
22       3386.57    736.38     4.27     18.59      0.08       0.82     .py        0.63       20    
23       5761.46    124.17     7.26     90.57      0.03       3.97     .py        3.98       117   
24       8807.24    93.75      11.10    992.42     1.69       43.55    .py        6.31       178   
25       843.82     47.02      1.06     89.50      0.06       3.93     .py        2.11       70    
-----------------------------------------------------------------------------------------------
Total    79342.20   2235.65    100.00   2279.05    46.43      100.00              81.18      2483  

Challenge: Advent of Codes: Year 2022(Jungle Expedition)!, Iterations: 3