Day   Time (s)    Percentage     Lang        Line Count  
------------------------------------------------------------
1     0.74        0.41           .py         103         
2     0.57        0.32           .py         109         
3     0.49        0.27           .py         113         
4     0.70        0.39           .py         98          
5     35.64       19.77          .py         71          
6     0.49        0.27           .py         43          
7     0.09        0.05           .py         51          
8     0.13        0.07           .py         112         
9     0.04        0.02           .py         86          
10    0.05        0.03           .py         61          
11    30.85       17.11          .py         142         
12    6.03        3.35           .py         104         
13    0.15        0.08           .py         129         
14    39.83       22.10          .rb         63          
15    0.16        0.09           .py         80          
16    14.96       8.30           .py         103         
17    0.12        0.06           .py         77          
18    17.92       9.94           .py         81          
19    1.23        0.68           .c          61          
20    0.14        0.08           .py         75          
21    0.54        0.30           .py         162         
22    27.19       15.08          .py         84          
23    0.04        0.02           .py         130         
24    0.34        0.19           .py         162         
25    1.79        0.99           .py         124         
------------------------------------------------------------
Total Time: 180.25 seconds
Average Time: 7.21 seconds
Median Time: 0.54 seconds
