Day   Time (s)    Percentage     Lang        Line Count  
------------------------------------------------------------
1     1.64        2.92           .py         40          
2     0.82        1.46           .py         70          
3     1.27        2.26           .py         70          
4     0.84        1.49           .py         107         
5     0.83        1.48           .py         85          
6     0.87        1.55           .py         44          
7     1.06        1.89           .py         64          
8     0.82        1.46           .py         123         
9     0.81        1.44           .py         67          
10    0.04        0.07           .py         67          
11    8.72        15.50          .py         115         
12    0.91        1.62           .py         81          
13    0.81        1.44           .py         65          
14    1.13        2.02           .py         74          
15    15.12       26.89          .py         69          
16    0.83        1.48           .py         102         
17    1.94        3.45           .py         107         
18    0.90        1.60           .py         52          
19    0.94        1.67           .py         46          
20    1.55        2.75           .py         146         
21    0.88        1.57           .py         83          
22    2.27        4.04           .py         59          
23    7.35        13.07          .py         67          
24    1.75        3.12           .py         75          
25    2.11        3.75           .py         94          
------------------------------------------------------------
Total Time: 56.23 seconds
Average Time: 2.25 seconds
Median Time: 0.94 seconds
