Day      Avg(ms)    STD(ms)    Time%    Avg(MB)    STD(MB)    Mem%     Lang       Size(kB)   Lines 
-----------------------------------------------------------------------------------------------
1        743.41     49.02      0.37     65.79      0.24       3.23     .py        3.70       103   
2        508.32     0.54       0.25     62.97      2.49       3.09     .py        2.65       109   
3        508.60     1.00       0.25     65.17      0.24       3.19     .py        2.81       113   
4        675.46     47.77      0.34     65.79      0.31       3.23     .py        3.23       98    
5        39932.62   8344.62    19.93    17.87      0.04       0.88     .py        2.70       71    
6        543.67     45.90      0.27     64.86      0.13       3.18     .py        1.17       43    
7        140.12     46.67      0.07     2.27       0.53       0.11     .py        1.79       51    
8        208.15     1.61       0.10     26.33      0.79       1.29     .py        3.50       112   
9        106.50     1.03       0.05     1.90       0.00       0.09     .py        2.96       86    
10       107.04     1.55       0.05     1.89       0.01       0.09     .py        2.57       61    
11       38320.15   6016.26    19.13    23.23      0.04       1.14     .py        4.23       142   
12       7066.31    403.63     3.53     16.76      0.05       0.82     .py        3.46       104   
13       207.23     1.33       0.10     26.75      0.14       1.31     .py        4.52       129   
14       37114.47   2462.71    18.53    35.12      0.21       1.72     .rb        1.89       63    
15       208.44     1.58       0.10     25.44      0.51       1.25     .py        2.47       80    
16       15870.96   865.04     7.92     1057.38    2.89       51.84    .py        3.37       103   
17       207.68     2.00       0.10     18.69      0.07       0.92     .py        2.18       77    
18       20419.80   2037.55    10.19    335.11     3.90       16.43    .py        2.88       81    
19       610.03     3.48       0.30     14.99      0.00       0.73     .c         2.13       61    
20       207.46     1.93       0.10     26.82      0.32       1.31     .py        2.45       75    
21       675.59     45.90      0.34     18.69      0.04       0.92     .py        0.61       21    
22       33501.14   4268.96    16.72    18.68      0.05       0.92     .py        0.61       21    
23       106.02     1.44       0.05     1.90       0.01       0.09     .py        4.34       124   
24       407.64     1.14       0.20     28.35      0.04       1.39     .py        3.89       112   
25       1947.41    48.93      0.97     16.99      0.02       0.83     .py        3.70       126   
-----------------------------------------------------------------------------------------------
Total    200344.20  24701.60   100.00   2039.74    13.10      100.00              69.81      2166  

Challenge: Advent of Codes: Year 2016(Easter Bunny)!, Iterations: 3