Day      Avg(ms)    STD(ms)    Time%    Avg(MB)    STD(MB)    Mem%     Lang       Size(kB)   Lines 
-----------------------------------------------------------------------------------------------
1        1579.73    44.54      2.68     89.34      0.10       3.19     .py        1.04       40    
2        842.27     47.20      1.43     90.04      0.10       3.22     .py        2.33       70    
3        1278.30    46.98      2.17     123.09     1.22       4.40     .py        2.15       70    
4        876.22     48.67      1.49     90.24      0.08       3.23     .py        3.05       107   
5        842.58     46.35      1.43     89.91      0.14       3.21     .py        2.40       85    
6        842.16     48.47      1.43     89.68      0.08       3.21     .py        1.41       44    
7        1076.67    95.39      1.83     101.00     0.55       3.61     .py        2.27       64    
8        877.25     97.69      1.49     89.65      0.08       3.21     .py        3.98       123   
9        876.73     48.87      1.49     89.68      0.08       3.21     .py        1.99       67    
10       106.87     1.82       0.18     1.87       0.01       0.07     .py        2.17       67    
11       9643.58    216.94     16.36    90.09      0.10       3.22     .py        3.92       115   
12       843.37     48.17      1.43     89.80      0.03       3.21     .py        2.67       81    
13       844.21     49.90      1.43     89.49      0.04       3.20     .py        2.23       65    
14       976.88     48.43      1.66     96.14      0.19       3.44     .py        2.21       74    
15       16738.33   1162.77    28.39    687.84     0.02       24.59    .py        2.00       69    
16       842.79     47.42      1.43     89.89      0.13       3.21     .py        3.23       102   
17       2113.54    82.28      3.58     89.98      0.01       3.22     .py        4.38       107   
18       842.59     46.21      1.43     89.56      0.09       3.20     .py        1.88       52    
19       843.04     48.30      1.43     92.30      0.04       3.30     .py        1.60       46    
20       742.30     264.47     1.26     60.41      1.94       2.16     .py        4.82       146   
21       809.85     2.17       1.37     90.05      0.09       3.22     .py        3.08       83    
22       2281.48    48.27      3.87     18.60      0.04       0.66     .py        0.62       20    
23       8372.38    48.68      14.20    175.98     0.08       6.29     .py        2.60       75    
24       1680.33    49.36      2.85     92.77      0.13       3.32     .py        2.77       94    
25       2182.02    47.89      3.70     89.51      0.14       3.20     .py        1.83       69    
-----------------------------------------------------------------------------------------------
Total    58955.48   2737.22    100.00   2796.89    5.52       100.00              62.62      1935  

Challenge: Advent of Codes: Year 2020(Vacation Time)!, Iterations: 3