Day      Avg(ms)    STD(ms)    Time%    Avg(MB)    STD(MB)    Mem%     Lang       Size(kB)   Lines 
-----------------------------------------------------------------------------------------------
1        776.46     96.65      3.72     89.56      0.03       5.37     .py        1.36       49    
2        1110.56    1.07       5.32     90.89      0.12       5.45     .py        1.65       53    
3        1349.60    623.82     6.46     137.11     2.06       8.22     .py        3.76       106   
4        608.67     1.34       2.92     64.72      0.05       3.88     .py        2.04       68    
5        742.25     46.60      3.56     89.67      0.14       5.38     .py        1.20       38    
6        408.10     0.82       1.95     35.63      0.05       2.14     .py        1.64       51    
7        206.84     0.68       0.99     21.91      0.05       1.31     .py        2.62       62    
8        709.11     1.17       3.40     89.72      0.17       5.38     .py        2.45       74    
9        508.47     0.74       2.44     16.72      0.03       1.00     .py        1.15       33    
10       206.36     1.04       0.99     27.08      0.26       1.62     .py        2.91       78    
11       909.48     0.98       4.36     90.60      0.19       5.43     .py        4.01       109   
12       1177.48    48.06      5.64     17.06      0.01       1.02     .py        3.24       102   
13       810.87     0.97       3.88     11.74      8.30       0.70     .py        5.55       148   
14       810.37     0.66       3.88     89.86      0.31       5.39     .py        4.14       105   
15       1109.76    1.34       5.32     106.05     0.12       6.36     .py        6.68       185   
16       1009.99    0.66       4.84     99.83      0.02       5.98     .py        4.84       130   
17       909.60     1.24       4.36     91.16      0.12       5.46     .py        10.34      268   
18       374.43     94.32      1.79     18.20      0.27       1.09     .py        5.66       154   
19       2014.27    1.30       9.65     93.47      0.06       5.60     .py        4.92       144   
20       1512.29    1.82       7.24     172.07     0.03       10.31    .py        9.37       212   
21       1545.72    46.64      7.40     60.29      42.63      3.61     .py        9.64       267   
22       742.34     46.95      3.56     89.47      0.12       5.36     .py        5.56       145   
23       308.02     1.13       1.48     29.67      0.38       1.78     .py        8.01       170   
24       709.45     1.59       3.40     17.69      0.01       1.06     .py        6.69       185   
25       307.72     1.34       1.47     18.10      0.03       1.08     .py        6.37       153   
-----------------------------------------------------------------------------------------------
Total    20878.21   1022.95    100.00   1668.25    55.57      100.00              115.79     3089  

Challenge: Advent of Codes: Year 2019(Intcode)!, Iterations: 3