Day   Time (s)    Percentage     Lang        Line Count  
------------------------------------------------------------
1     1.00        2.54           .py         44          
2     0.89        2.27           .py         57          
3     0.89        2.26           .py         90          
4     1.25        3.18           .py         61          
5     0.14        0.35           .py         69          
6     1.08        2.73           .py         62          
7     1.01        2.56           .py         48          
8     1.00        2.55           .py         86          
9     0.84        2.14           .py         117         
10    0.03        0.08           .py         133         
11    0.87        2.21           .py         87          
12    1.03        2.61           .py         81          
13    0.83        2.11           .py         66          
14    0.88        2.24           .py         81          
15    1.50        3.80           .py         77          
16    0.04        0.11           .py         73          
17    2.36        6.00           .py         72          
18    5.93        15.05          .py         119         
19    7.72        19.61          .py         111         
20    3.30        8.39           .py         63          
21    0.54        1.38           .py         146         
22    2.62        6.65           .py         76          
23    2.54        6.45           .py         113         
24    0.04        0.10           .py         163         
25    1.03        2.62           .py         144         
------------------------------------------------------------
Total Time: 39.38 seconds
Average Time: 1.58 seconds
Median Time: 1.00 seconds
