Day      Avg(ms)    STD(ms)    Time%    Avg(MB)    STD(MB)    Mem%     Lang       Size(kB)   Lines 
-----------------------------------------------------------------------------------------------
1        204.46     0.99       0.32     19.13      0.02       1.21     .rb        1.17       44    
2        1034.26    219.43     1.63     9.42       0.00       0.60     .jl        1.68       57    
3        808.99     1.31       1.27     89.53      0.04       5.68     .py        2.87       93    
4        305.31     0.40       0.48     26.98      0.05       1.71     .rb        4.15       132   
5        531.76     1.98       0.84     9.42       0.00       0.60     .jl        2.29       70    
6        8807.80    411.21     13.86    61.67      43.61      3.91     .py        2.61       89    
7        4760.68    196.11     7.49     20.21      0.05       1.28     .rb        1.50       58    
8        405.57     0.54       0.64     20.51      0.10       1.30     .rb        1.72       71    
9        338.75     48.01      0.53     26.41      0.03       1.68     .rb        3.13       128   
10       842.34     47.13      1.33     89.43      0.13       5.68     .py        4.18       113   
11       909.44     0.97       1.43     90.06      0.04       5.72     .py        2.42       73    
12       843.05     47.84      1.33     90.96      0.09       5.77     .py        3.61       102   
13       204.43     0.32       0.32     19.10      0.07       1.21     .rb        2.48       91    
14       12352.89   292.55     19.44    89.88      0.07       5.70     .py        5.22       137   
15       5359.06    94.44      8.43     90.30      0.02       5.73     .py        7.49       186   
16       1010.34    1.25       1.59     104.04     0.79       6.60     .py        4.61       120   
17       9577.56    404.41     15.07    89.48      0.10       5.68     .py        5.22       152   
18       1044.00    47.77      1.64     90.88      0.15       5.77     .py        3.87       122   
19       307.92     0.55       0.48     18.09      0.02       1.15     .py        1.76       61    
20       2651.36    189.92     4.17     79.10      55.93      5.02     .py        3.95       113   
21       205.00     0.56       0.32     19.07      0.04       1.21     .rb        3.73       156   
22       6631.56    293.02     10.44    156.34     0.08       9.92     .py        3.84       105   
23       1914.77    81.44      3.01     157.86     0.34       10.02    .py        1.97       66    
24       1644.91    760.26     2.59     18.30      0.05       1.16     .py        0.69       28    
25       843.53     47.27      1.33     89.61      0.10       5.69     .py        2.76       83    
-----------------------------------------------------------------------------------------------
Total    63539.76   3189.65    100.00   1575.75    101.91     100.00              78.92      2450  

Challenge: Advent of Code: Year 2024(AOC History)!, Iterations: 3