Day      Avg(ms)    STD(ms)    Time%    Avg(MB)    STD(MB)    Mem%     Lang       Size(kB)   Lines 
-----------------------------------------------------------------------------------------------
1        214.29     4.58       1.10     17.20      0.17       4.98     .py        1.85       62    
2        4598.44    44.28      23.61    16.42      0.18       4.75     .py        1.49       43    
3        211.86     1.83       1.09     16.40      0.16       4.75     .py        1.23       37    
4        647.64     46.54      3.33     19.62      0.02       5.68     .py        2.21       68    
5        214.02     2.11       1.10     16.54      0.17       4.79     .py        1.82       60    
6        213.96     2.77       1.10     17.44      0.71       5.05     .py        3.19       96    
7        316.97     2.96       1.63     23.92      4.91       6.92     .py        3.36       95    
8        917.36     3.07       4.71     75.85      0.63       21.94    .py        2.50       92    
9        8285.87    688.76     42.54    16.70      0.11       4.83     .py        2.66       84    
10       3462.74    50.07      17.78    97.32      0.87       28.15    .py        5.65       146   
11       212.86     1.21       1.09     17.36      0.17       5.02     .py        2.89       88    
12       179.71     46.25      0.92     10.88      7.71       3.15     .py        1.70       45    
-----------------------------------------------------------------------------------------------
Total    19475.73   894.43     100.00   345.67     15.81      100.00              30.56      916   

Challenge: Advent of Code: Year 2025!, Iterations: 3